
#******GeometryOffset*******#
-6.351859092712402344e+00, -6.244184570312500000e+02, 6.573245048522949219e+00, 
#*************#

#######
0.000000000000000000e+00, -6.927354125976562500e+02, -3.856944335937500000e+03, -1.500513549804687500e+03, 
0.000000000000000000e+00, -8.551688232421875000e+02, -4.761325195312500000e+03, -1.860671264648437500e+03, 
-6.261138183593750000e+03, -7.483509765625000000e+03, -1.900078369140625000e+03, 2.245589599609375000e+03, 
#######
0.000000000000000000e+00, -7.097564086914062500e+02, -3.998899902343750000e+03, -1.655709106445312500e+03, 
0.000000000000000000e+00, 8.224625244140625000e+02, 4.633907226562500000e+03, 1.718979492187500000e+03, 
-6.276881347656250000e+03, -7.483509765625000000e+03, -1.891767944335937500e+03, 2.256985107421875000e+03, 
#######
0.000000000000000000e+00, -1.137662353515625000e+03, -6.099525878906250000e+03, -2.355889648437500000e+03, 
0.000000000000000000e+00, -7.222338867187500000e+01, -3.872224426269531250e+02, -1.869746093750000000e+02, 
-6.217366699218750000e+03, -7.483509765625000000e+03, -1.961282592773437500e+03, 2.197476806640625000e+03, 
#######
0.000000000000000000e+00, -9.824542236328125000e+02, -5.413453125000000000e+03, 
0.000000000000000000e+00, -5.171328125000000000e+02, -2.849470458984375000e+03, 
-6.250362304687500000e+03, -7.483508789062500000e+03, -1.921855590820312500e+03, 
#######
0.000000000000000000e+00, 8.013263549804687500e+02, 4.346008789062500000e+03, 1.806648925781250000e+03, 
0.000000000000000000e+00, 8.066055297851562500e+02, 4.374640625000000000e+03, 1.575486328125000000e+03, 
-6.220661132812500000e+03, -7.483508789062500000e+03, -1.897275634765625000e+03, 2.294288085937500000e+03, 
#######
0.000000000000000000e+00, -1.087855834960937500e+03, -6.104246093750000000e+03, -2.377364257812500000e+03, 
0.000000000000000000e+00, 5.200212097167968750e+01, 2.917976379394531250e+02, 1.310368652343750000e+02, 
-6.273850585937500000e+03, -7.483509765625000000e+03, -1.905451538085937500e+03, 2.232631103515625000e+03, 
#######
0.000000000000000000e+00, 7.513975830078125000e+02, 4.346168945312500000e+03, 1.778621337890625000e+03, 
0.000000000000000000e+00, -7.578413696289062500e+02, -4.383440429687500000e+03, -1.658312011718750000e+03, 
-6.298166503906250000e+03, -7.483506347656250000e+03, -1.812704711914062500e+03, 2.342308349609375000e+03, 
#######
0.000000000000000000e+00, 4.814064025878906250e+02, 2.621211669921875000e+03, 9.627639770507812500e+02, 
0.000000000000000000e+00, 1.022902465820312500e+03, 5.569605957031250000e+03, 2.187148437500000000e+03, 
-6.227837890625000000e+03, -7.483507324218750000e+03, -1.902177246093750000e+03, 2.276738281250000000e+03, 
#######
0.000000000000000000e+00, -4.314076232910156250e+02, -2.373540527343750000e+03, -1.022527893066406250e+03, 
0.000000000000000000e+00, 1.027016845703125000e+03, 5.650494140625000000e+03, 2.149191406250000000e+03, 
-6.246251953125000000e+03, -7.483509765625000000e+03, -1.913558227539062500e+03, 2.249554931640625000e+03, 
#######
0.000000000000000000e+00, 6.634426269531250000e+02, 3.763784423828125000e+03, 1.402460815429687500e+03, 
0.000000000000000000e+00, -8.618134155273437500e+02, -4.889164062500000000e+03, -1.975375610351562500e+03, 
-6.275510253906250000e+03, -7.483507812500000000e+03, -1.838398437500000000e+03, 2.322005615234375000e+03, 
#######
0.000000000000000000e+00, -1.828787078857421875e+02, -1.030368774414062500e+03, -3.536296386718750000e+02, 
0.000000000000000000e+00, 1.073365112304687500e+03, 6.047516113281250000e+03, 2.364991210937500000e+03, 
-6.274145019531250000e+03, -7.483509765625000000e+03, -1.879114135742187500e+03, 2.274326416015625000e+03, 
#######
0.000000000000000000e+00, -8.727352294921875000e+02, -4.874710937500000000e+03, -1.809391357421875000e+03, 
0.000000000000000000e+00, -6.630064086914062500e+02, -3.703259521484375000e+03, -1.562796752929687500e+03, 
-6.266170410156250000e+03, -7.483509765625000000e+03, -1.901331420898437500e+03, 2.246001708984375000e+03, 
#######
0.000000000000000000e+00, 4.517704467773437500e+02, 2.572519531250000000e+03, 
0.000000000000000000e+00, -9.837412109375000000e+02, -5.601724121093750000e+03, 
-6.281160156250000000e+03, -7.483509765625000000e+03, -1.839311767578125000e+03, 
#######
0.000000000000000000e+00, 1.103103149414062500e+03, 6.143527343750000000e+03, 2.412927734375000000e+03, 
0.000000000000000000e+00, -1.199419479370117188e+02, -6.679943847656250000e+02, -1.486026916503906250e+02, 
-6.251072753906250000e+03, -7.483508300781250000e+03, -1.852122314453125000e+03, 2.326156982421875000e+03, 
#######
0.000000000000000000e+00, -1.090845458984375000e+03, -5.911200683593750000e+03, -2.281907958984375000e+03, 
0.000000000000000000e+00, 2.862411804199218750e+02, 1.551116943359375000e+03, 6.256620483398437500e+02, 
-6.230894042968750000e+03, -7.483512207031250000e+03, -1.948296752929687500e+03, 2.206515136718750000e+03, 
#######
0.000000000000000000e+00, -1.102856933593750000e+03, -5.911730957031250000e+03, -2.278394531250000000e+03, 
0.000000000000000000e+00, 2.889878540039062500e+02, 1.549084228515625000e+03, 6.212690429687500000e+02, 
-6.217215820312500000e+03, -7.483512695312500000e+03, -1.961979125976562500e+03, 2.197825439453125000e+03, 
#######
0.000000000000000000e+00, -9.186691284179687500e+02, -5.173240722656250000e+03, 
0.000000000000000000e+00, -5.806696777343750000e+02, -3.269886474609375000e+03, 
-6.276405273437500000e+03, -7.483509765625000000e+03, -1.893126220703125000e+03, 
#######
0.000000000000000000e+00, -9.472451782226562500e+02, -5.092060546875000000e+03, -1.873012084960937500e+03, 
0.000000000000000000e+00, 6.300600585937500000e+02, 3.386983398437500000e+03, 1.446521850585937500e+03, 
-6.219923339843750000e+03, -7.483509765625000000e+03, -1.954494750976562500e+03, 2.215015625000000000e+03, 
#######
0.000000000000000000e+00, -1.721200714111328125e+02, -9.521557617187500000e+02, -3.220971984863281250e+02, 
0.000000000000000000e+00, -1.097298339843750000e+03, -6.070174804687500000e+03, -2.376498291015625000e+03, 
-6.249840332031250000e+03, -7.483509765625000000e+03, -1.892608398437500000e+03, 2.263977294921875000e+03, 
#######
0.000000000000000000e+00, 7.428693389892578125e+01, 3.984310913085937500e+02, 3.001755371093750000e+02, 
0.000000000000000000e+00, -1.144708374023437500e+03, -6.139537109375000000e+03, -2.373143310546875000e+03, 
-6.209409179687500000e+03, -7.483509277343750000e+03, -1.924092163085937500e+03, 2.255398437500000000e+03, 
#######
0.000000000000000000e+00, -6.737948608398437500e+02, -3.795186035156250000e+03, -1.402819580078125000e+03, 
0.000000000000000000e+00, -8.542161254882812500e+02, -4.811418457031250000e+03, -1.943339477539062500e+03, 
-6.275100585937500000e+03, -7.483509765625000000e+03, -1.885486694335937500e+03, 2.257619628906250000e+03, 
#######
0.000000000000000000e+00, 1.110921264648437500e+03, 6.049240234375000000e+03, 2.327769775390625000e+03, 
0.000000000000000000e+00, 2.304946289062500000e+02, 1.255099975585937500e+03, 6.089747924804687500e+02, 
-6.223333007812500000e+03, -7.483509765625000000e+03, -1.881713012695312500e+03, 2.308281738281250000e+03, 
#######
0.000000000000000000e+00, -1.099329467773437500e+03, -5.827274414062500000e+03, -2.244251220703125000e+03, 
0.000000000000000000e+00, 3.475428771972656250e+02, 1.842238891601562500e+03, 7.183703613281250000e+02, 
-6.202921875000000000e+03, -7.483509765625000000e+03, -1.976017211914062500e+03, 2.189576660156250000e+03, 
#######
0.000000000000000000e+00, -1.058103881835937500e+03, -5.891442382812500000e+03, -2.257253906250000000e+03, 
0.000000000000000000e+00, 2.922900390625000000e+02, 1.627448730468750000e+03, 7.504815673828125000e+02, 
-6.264261230468750000e+03, -7.483510742187500000e+03, -1.914070312500000000e+03, 2.233059570312500000e+03, 
#######
0.000000000000000000e+00, 8.019212646484375000e+02, 4.386732421875000000e+03, 1.825856201171875000e+03, 
0.000000000000000000e+00, -7.941560058593750000e+02, -4.344254882812500000e+03, -1.575997802734375000e+03, 
-6.229964843750000000e+03, -7.483510253906250000e+03, -1.879813232421875000e+03, 2.305133789062500000e+03, 
#######
0.000000000000000000e+00, -4.040653076171875000e+02, -2.157992675781250000e+03, -7.613796997070312500e+02, 
0.000000000000000000e+00, -1.075841186523437500e+03, -5.745748046875000000e+03, -2.255914062500000000e+03, 
-6.207075195312500000e+03, -7.483509765625000000e+03, -1.942885498046875000e+03, 2.226891357421875000e+03, 
#######
0.000000000000000000e+00, 1.069327880859375000e+03, 5.800044433593750000e+03, 2.238439941406250000e+03, 
0.000000000000000000e+00, 3.908240356445312500e+02, 2.119833251953125000e+03, 8.694324340820312500e+02, 
-6.218968750000000000e+03, -7.483509765625000000e+03, -1.889168334960937500e+03, 2.298138671875000000e+03, 
#######
0.000000000000000000e+00, -6.054177246093750000e+02, -3.284827636718750000e+03, 
0.000000000000000000e+00, 9.526430053710937500e+02, 5.168774902343750000e+03, 
-6.229817871093750000e+03, -7.483509765625000000e+03, -1.935019165039062500e+03, 
#######
0.000000000000000000e+00, -9.485694580078125000e+02, -5.138792968750000000e+03, -1.956387939453125000e+03, 
0.000000000000000000e+00, 6.115857543945312500e+02, 3.313212890625000000e+03, 1.332386474609375000e+03, 
-6.229935058593750000e+03, -7.483509765625000000e+03, -1.945951538085937500e+03, 2.212285156250000000e+03, 
#######
0.000000000000000000e+00, 9.234699707031250000e+02, 5.226686035156250000e+03, 2.059040527343750000e+03, 
0.000000000000000000e+00, -5.817984008789062500e+02, -3.292882080078125000e+03, -1.274914794921875000e+03, 
-6.271226074218750000e+03, -7.483509277343750000e+03, -1.834472290039062500e+03, 2.342358642578125000e+03, 
#######
0.000000000000000000e+00, 1.035986328125000000e+03, 5.625548339843750000e+03, 2.217670654296875000e+03, 
0.000000000000000000e+00, -4.701838073730468750e+02, -2.553162841796875000e+03, -9.332757568359375000e+02, 
-6.219876464843750000e+03, -7.483507324218750000e+03, -1.885447509765625000e+03, 2.300266113281250000e+03, 
#######
0.000000000000000000e+00, -1.052370239257812500e+03, -5.749352050781250000e+03, -2.225666015625000000e+03, 
0.000000000000000000e+00, -3.819974365234375000e+02, -2.086943847656250000e+03, -8.411466674804687500e+02, 
-6.240021484375000000e+03, -7.483509765625000000e+03, -1.933520751953125000e+03, 2.222859619140625000e+03, 
#######
0.000000000000000000e+00, 1.092515625000000000e+03, 6.153277832031250000e+03, 2.415865478515625000e+03, 
0.000000000000000000e+00, -1.028906860351562500e+02, -5.795020141601562500e+02, -2.013833160400390625e+02, 
-6.264684570312500000e+03, -7.483508789062500000e+03, -1.837657470703125000e+03, 2.339922119140625000e+03, 
#######
0.000000000000000000e+00, -8.155720214843750000e+02, -4.681276855468750000e+03, -1.807966064453125000e+03, 
0.000000000000000000e+00, 6.861586303710937500e+02, 3.938460693359375000e+03, 1.568879150390625000e+03, 
-6.299706054687500000e+03, -7.483509765625000000e+03, -1.872434204101562500e+03, 2.269408447265625000e+03, 
#######
0.000000000000000000e+00, 9.799971923828125000e+02, 5.234676269531250000e+03, 2.002679443359375000e+03, 
0.000000000000000000e+00, 6.119388427734375000e+02, 3.268684326171875000e+03, 1.308121337890625000e+03, 
-6.200250488281250000e+03, -7.483509765625000000e+03, -1.912211303710937500e+03, 2.281127197265625000e+03, 
#######
0.000000000000000000e+00, 7.095288085937500000e+02, 3.911972900390625000e+03, 1.632173950195312500e+03, 
0.000000000000000000e+00, -8.655371093750000000e+02, -4.772121582031250000e+03, -1.776083007812500000e+03, 
-6.240427246093750000e+03, -7.483508789062500000e+03, -1.872882812500000000e+03, 2.303420898437500000e+03, 
#######
0.000000000000000000e+00, 1.068185058593750000e+03, 5.817443359375000000e+03, 2.233812988281250000e+03, 
0.000000000000000000e+00, -3.823697814941406250e+02, -2.082424316406250000e+03, -9.014865112304687500e+02, 
-6.223356445312500000e+03, -7.483509765625000000e+03, -1.880741333007812500e+03, 2.304875244140625000e+03, 
#######
0.000000000000000000e+00, -2.789318237304687500e+02, -1.483521606445312500e+03, -5.084040832519531250e+02, 
0.000000000000000000e+00, 1.119019165039062500e+03, 5.951594238281250000e+03, 2.315474121093750000e+03, 
-6.202587890625000000e+03, -7.483510742187500000e+03, -1.951741577148437500e+03, 2.234857910156250000e+03, 
#######
0.000000000000000000e+00, -1.977600708007812500e+02, -1.077389526367187500e+03, -5.225382080078125000e+02, 
0.000000000000000000e+00, -1.110447753906250000e+03, -6.049678710937500000e+03, -2.336077148437500000e+03, 
-6.230731445312500000e+03, -7.483509765625000000e+03, -1.911197387695312500e+03, 2.254035644531250000e+03, 
#######
0.000000000000000000e+00, 1.031305908203125000e+03, 5.955718261718750000e+03, 2.385283203125000000e+03, 
0.000000000000000000e+00, 2.841158752441406250e+02, 1.640748779296875000e+03, 4.759715576171875000e+02, 
-6.295369628906250000e+03, -7.483512207031250000e+03, -1.810216186523437500e+03, 2.355906494140625000e+03, 
#######
0.000000000000000000e+00, -5.048962097167968750e+02, -2.871643310546875000e+03, 
0.000000000000000000e+00, -9.530864868164062500e+02, -5.420766113281250000e+03, 
-6.285554199218750000e+03, -7.483509765625000000e+03, -1.867982421875000000e+03, 
#######
0.000000000000000000e+00, -6.878526000976562500e+02, -3.843554931640625000e+03, -1.479924438476562500e+03, 
0.000000000000000000e+00, -8.540426635742187500e+02, -4.772185546875000000e+03, -1.879327270507812500e+03, 
-6.265519042968750000e+03, -7.483509765625000000e+03, -1.895658569335937500e+03, 2.248350585937500000e+03, 
#######
0.000000000000000000e+00, 6.018359375000000000e+02, 3.380344970703125000e+03, 1.419963623046875000e+03, 
0.000000000000000000e+00, -9.184960937500000000e+02, -5.158937500000000000e+03, -1.956977539062500000e+03, 
-6.263840820312500000e+03, -7.483507324218750000e+03, -1.852645385742187500e+03, 2.312136474609375000e+03, 
#######
0.000000000000000000e+00, -7.624631500244140625e+01, -4.176427612304687500e+02, -2.343577423095703125e+02, 
0.000000000000000000e+00, -1.119820922851562500e+03, -6.133872070312500000e+03, -2.385738037109375000e+03, 
-6.236844726562500000e+03, -7.483507324218750000e+03, -1.901515869140625000e+03, 2.261265869140625000e+03, 
#######
0.000000000000000000e+00, -9.026091918945312500e+02, -5.151006835937500000e+03, 
0.000000000000000000e+00, -5.789558105468750000e+02, -3.303983154296875000e+03, 
-6.292473632812500000e+03, -7.483509277343750000e+03, -1.877547119140625000e+03, 
#######
0.000000000000000000e+00, -1.066198364257812500e+03, -5.702082031250000000e+03, -2.170227050781250000e+03, 
0.000000000000000000e+00, 4.116260070800781250e+02, 2.201396484375000000e+03, 9.298775634765625000e+02, 
-6.214095703125000000e+03, -7.483509765625000000e+03, -1.964032958984375000e+03, 2.200028564453125000e+03, 
#######
0.000000000000000000e+00, 1.073524047851562500e+03, 6.172759765625000000e+03, 2.419761718750000000e+03, 
0.000000000000000000e+00, 4.836432647705078125e+01, 2.780947265625000000e+02, 2.034161682128906250e+02, 
-6.289939453125000000e+03, -7.483509765625000000e+03, -1.814053588867187500e+03, 2.349979980468750000e+03, 
#######
0.000000000000000000e+00, -1.032880615234375000e+03, -5.803849121093750000e+03, -2.258593261718750000e+03, 
0.000000000000000000e+00, -3.424654541015625000e+02, -1.924344482421875000e+03, -7.653878784179687500e+02, 
-6.274875976562500000e+03, -7.483509765625000000e+03, -1.900720581054687500e+03, 2.236845947265625000e+03, 
#######
0.000000000000000000e+00, 8.394698486328125000e+02, 4.601505371093750000e+03, 1.756156738281250000e+03, 
0.000000000000000000e+00, 7.495028686523437500e+02, 4.108356445312500000e+03, 1.639236938476562500e+03, 
-6.233561523437500000e+03, -7.483510742187500000e+03, -1.881932250976562500e+03, 2.302926757812500000e+03, 
#######
0.000000000000000000e+00, 4.804692382812500000e+02, 2.683097900390625000e+03, 9.787483520507812500e+02, 
0.000000000000000000e+00, -9.938617553710937500e+02, -5.550050292968750000e+03, -2.206335449218750000e+03, 
-6.257401855468750000e+03, -7.483509765625000000e+03, -1.862628662109375000e+03, 2.300617187500000000e+03, 
#######
0.000000000000000000e+00, -1.869772186279296875e+02, -1.041341430664062500e+03, -3.705700378417968750e+02, 
0.000000000000000000e+00, 1.085508911132812500e+03, 6.045578125000000000e+03, 2.357886962890625000e+03, 
-6.260083496093750000e+03, -7.483511230468750000e+03, -1.893241821289062500e+03, 2.264645507812500000e+03, 
#######
0.000000000000000000e+00, 1.022468200683593750e+03, 5.574987304687500000e+03, 2.138794677734375000e+03, 
0.000000000000000000e+00, -4.882177124023437500e+02, -2.661997070312500000e+03, -1.109687377929687500e+03, 
-6.225035644531250000e+03, -7.483509765625000000e+03, -1.880178833007812500e+03, 2.302507324218750000e+03, 
#######
0.000000000000000000e+00, -1.120287231445312500e+03, -6.109355957031250000e+03, -2.203366455078125000e+03, 
0.000000000000000000e+00, 3.294162750244140625e+01, 1.796433258056640625e+02, -6.074452590942382812e+01, 
-6.238670898437500000e+03, -7.483509765625000000e+03, -1.939765502929687500e+03, 2.401354492187500000e+03, 
#######
0.000000000000000000e+00, -5.029854431152343750e+02, -2.839832031250000000e+03, -1.075301513671875000e+03, 
0.000000000000000000e+00, 9.612371215820312500e+02, 5.427099121093750000e+03, 2.131193115234375000e+03, 
-6.278532226562500000e+03, -7.483509765625000000e+03, -1.885241210937500000e+03, 2.261912841796875000e+03, 
#######
0.000000000000000000e+00, 7.832458496093750000e+02, 4.376118652343750000e+03, 1.815339355468750000e+03, 
0.000000000000000000e+00, -7.793774414062500000e+02, -4.354505371093750000e+03, -1.599582397460937500e+03, 
-6.256250000000000000e+03, -7.483510253906250000e+03, -1.853873291015625000e+03, 2.320149902343750000e+03, 
#######
0.000000000000000000e+00, -8.466653442382812500e+02, -4.583362792968750000e+03, -1.820833251953125000e+03, 
0.000000000000000000e+00, -7.501115112304687500e+02, -4.060675781250000000e+03, -1.528436767578125000e+03, 
-6.227139160156250000e+03, -7.483509765625000000e+03, -1.938606079101562500e+03, 2.218510253906250000e+03, 
#######
0.000000000000000000e+00, 7.208773193359375000e+02, 4.120820312500000000e+03, 1.678185791015625000e+03, 
0.000000000000000000e+00, -8.035964355468750000e+02, -4.593675781250000000e+03, -1.750679687500000000e+03, 
-6.284453613281250000e+03, -7.483509277343750000e+03, -1.828287353515625000e+03, 2.329613769531250000e+03, 
#######
0.000000000000000000e+00, 8.184954833984375000e+02, 4.406210449218750000e+03, 1.717677246093750000e+03, 
0.000000000000000000e+00, -8.033866577148437500e+02, -4.324874511718750000e+03, -1.682140136718750000e+03, 
-6.209654296875000000e+03, -7.483506835937500000e+03, -1.899823852539062500e+03, 2.287412841796875000e+03, 
#######
0.000000000000000000e+00, -5.428020629882812500e+02, -2.952556152343750000e+03, -9.916486816406250000e+02, 
0.000000000000000000e+00, -9.884382324218750000e+02, -5.376580566406250000e+03, -2.173360839843750000e+03, 
-6.231006835937500000e+03, -7.483509765625000000e+03, -1.923055908203125000e+03, 2.243225830078125000e+03, 
#######
0.000000000000000000e+00, -9.708447875976562500e+02, -5.528791015625000000e+03, 
0.000000000000000000e+00, -4.598063354492187500e+02, -2.618516357421875000e+03, 
-6.290369140625000000e+03, -7.483509765625000000e+03, -1.881923583984375000e+03, 
#######
0.000000000000000000e+00, -6.950067138671875000e+02, -3.874686279296875000e+03, -1.529364013671875000e+03, 
0.000000000000000000e+00, -8.514622802734375000e+02, -4.746931152343750000e+03, -1.837870849609375000e+03, 
-6.262740722656250000e+03, -7.483509765625000000e+03, -1.898447631835937500e+03, 2.246718994140625000e+03, 
#######
0.000000000000000000e+00, -6.430229492187500000e+02, -3.555724121093750000e+03, -1.320016845703125000e+03, 
0.000000000000000000e+00, -9.028731689453125000e+02, -4.992618164062500000e+03, -1.992095703125000000e+03, 
-6.252357910156250000e+03, -7.483509765625000000e+03, -1.906758911132812500e+03, 2.244097656250000000e+03, 
#######
0.000000000000000000e+00, -7.805484619140625000e+02, -4.241426269531250000e+03, -1.706881713867187500e+03, 
0.000000000000000000e+00, 8.118853759765625000e+02, 4.411708007812500000e+03, 1.647293945312500000e+03, 
-6.232598632812500000e+03, -7.483509765625000000e+03, -1.937087890625000000e+03, 2.225610107421875000e+03, 
#######
0.000000000000000000e+00, 9.059194946289062500e+02, 5.110675781250000000e+03, 1.981381835937500000e+03, 
0.000000000000000000e+00, -6.145719604492187500e+02, -3.467061035156250000e+03, -1.393213989257812500e+03, 
-6.267615234375000000e+03, -7.483506835937500000e+03, -1.840038208007812500e+03, 2.324400878906250000e+03, 
#######
0.000000000000000000e+00, 8.209834594726562500e+02, 4.429521972656250000e+03, 1.664970581054687500e+03, 
0.000000000000000000e+00, 7.951704711914062500e+02, 4.290250976562500000e+03, 1.717647094726562500e+03, 
-6.214052246093750000e+03, -7.483512695312500000e+03, -1.903743408203125000e+03, 2.284504638671875000e+03, 
#######
0.000000000000000000e+00, 9.682100219726562500e+02, 5.524396484375000000e+03, 
0.000000000000000000e+00, 4.831546020507812500e+02, 2.756775390625000000e+03, 
-6.281660156250000000e+03, -7.483509765625000000e+03, -1.827864624023437500e+03, 
#######
0.000000000000000000e+00, 1.637789611816406250e+02, 8.881369628906250000e+02, 4.090599365234375000e+02, 
0.000000000000000000e+00, 1.121322265625000000e+03, 6.080682617187500000e+03, 2.346329833984375000e+03, 
-6.224844238281250000e+03, -7.483509277343750000e+03, -1.916712280273437500e+03, 2.259763427734375000e+03, 
#######
0.000000000000000000e+00, 6.780857543945312500e+02, 3.753701660156250000e+03, 1.458781372070312500e+03, 
0.000000000000000000e+00, 8.827222900390625000e+02, 4.886514160156250000e+03, 1.905787963867187500e+03, 
-6.247187988281250000e+03, -7.483509765625000000e+03, -1.875885253906250000e+03, 2.297124755859375000e+03, 
#######
0.000000000000000000e+00, 1.112387817382812500e+03, 5.964254882812500000e+03, 2.344990966796875000e+03, 
0.000000000000000000e+00, -3.014485168457031250e+02, -1.616267089843750000e+03, -5.221471557617187500e+02, 
-6.203419921875000000e+03, -7.483509765625000000e+03, -1.900181518554687500e+03, 2.294119873046875000e+03, 
#######
0.000000000000000000e+00, -2.421660003662109375e+02, -1.323539184570312500e+03, -5.372772216796875000e+02, 
0.000000000000000000e+00, -1.097489501953125000e+03, -5.998242675781250000e+03, -2.331367431640625000e+03, 
-6.235208007812500000e+03, -7.483509765625000000e+03, -1.909315917968750000e+03, 2.250815917968750000e+03, 
#######
0.000000000000000000e+00, 1.148398437500000000e+03, 6.173832519531250000e+03, 2.395539550781250000e+03, 
0.000000000000000000e+00, 4.573098373413085938e+01, 2.458514404296875000e+02, 1.509467926025390625e+02, 
-6.206975097656250000e+03, -7.483509765625000000e+03, -1.897345581054687500e+03, 2.295245605468750000e+03, 
#######
0.000000000000000000e+00, -8.664636230468750000e+02, -4.901378906250000000e+03, -1.919073730468750000e+03, 
0.000000000000000000e+00, 6.468898315429687500e+02, 3.659302246093750000e+03, 1.420786621093750000e+03, 
-6.282503906250000000e+03, -7.483509765625000000e+03, -1.890709350585937500e+03, 2.256245849609375000e+03, 
#######
0.000000000000000000e+00, 1.093838729858398438e+02, 6.078389282226562500e+02, 3.463412475585937500e+02, 
0.000000000000000000e+00, 1.100195922851562500e+03, 6.113715820312500000e+03, 2.366788330078125000e+03, 
-6.255499511718750000e+03, -7.483509765625000000e+03, -1.887549194335937500e+03, 2.279035400390625000e+03, 
#######
0.000000000000000000e+00, -2.679940490722656250e+02, -1.541282592773437500e+03, -5.152313232421875000e+02, 
0.000000000000000000e+00, -1.033638916015625000e+03, -5.944645996093750000e+03, -2.357000976562500000e+03, 
-6.297490722656250000e+03, -7.483511230468750000e+03, -1.848510253906250000e+03, 2.290834472656250000e+03, 
#######
0.000000000000000000e+00, 1.057690429687500000e+03, 6.008143554687500000e+03, 2.365051269531250000e+03, 
0.000000000000000000e+00, 2.523151245117187500e+02, 1.433260131835937500e+03, 5.179742431640625000e+02, 
-6.275770996093750000e+03, -7.483509765625000000e+03, -1.830762939453125000e+03, 2.336122314453125000e+03, 
#######
0.000000000000000000e+00, 1.042368530273437500e+03, 5.803897460937500000e+03, 2.218096679687500000e+03, 
0.000000000000000000e+00, -3.810733337402343750e+02, -2.121812500000000000e+03, -9.668740844726562500e+02, 
-6.250810546875000000e+03, -7.483509765625000000e+03, -1.852552368164062500e+03, 2.326419433593750000e+03, 
#######
0.000000000000000000e+00, -1.138468139648437500e+03, -6.078997558593750000e+03, -2.344298095703125000e+03, 
0.000000000000000000e+00, 1.173109664916992188e+02, 6.263970947265625000e+02, 2.816444702148437500e+02, 
-6.212322265625000000e+03, -7.483511718750000000e+03, -1.967019042968750000e+03, 2.193506591796875000e+03, 
#######
0.000000000000000000e+00, 1.231920623779296875e+02, 6.966795043945312500e+02, 2.965333251953125000e+02, 
0.000000000000000000e+00, 1.079695434570312500e+03, 6.105927246093750000e+03, 2.383301269531250000e+03, 
-6.276510742187500000e+03, -7.483507324218750000e+03, -1.864660034179687500e+03, 2.299106933593750000e+03, 
#######
0.000000000000000000e+00, 7.276293945312500000e+02, 3.971231933593750000e+03, 1.576742675781250000e+03, 
0.000000000000000000e+00, -8.656177978515625000e+02, -4.724340332031250000e+03, -1.823365234375000000e+03, 
-6.227514160156250000e+03, -7.483506347656250000e+03, -1.884585815429687500e+03, 2.298615722656250000e+03, 
#######
0.000000000000000000e+00, -4.324071044921875000e+02, -2.374822265625000000e+03, -1.024306396484375000e+03, 
0.000000000000000000e+00, 1.028746826171875000e+03, 5.649978515625000000e+03, 2.147614746093750000e+03, 
-6.244050292968750000e+03, -7.483509765625000000e+03, -1.915736206054687500e+03, 2.248278564453125000e+03, 
#######
0.000000000000000000e+00, 5.798166503906250000e+02, 3.170967041015625000e+03, 
0.000000000000000000e+00, -9.673320312500000000e+02, -5.290255371093750000e+03, 
-6.230867675781250000e+03, -7.483505859375000000e+03, -1.885573486328125000e+03, 
#######
0.000000000000000000e+00, 9.720370483398437500e+02, 5.280349609375000000e+03, 
0.000000000000000000e+00, 5.880552368164062500e+02, 3.194464355468750000e+03, 
-6.221674316406250000e+03, -7.483509765625000000e+03, -1.890736694335937500e+03, 
#######
0.000000000000000000e+00, -1.100457397460937500e+03, -6.097268066406250000e+03, -2.365003173828125000e+03, 
0.000000000000000000e+00, -7.681468963623046875e+01, -4.256046142578125000e+02, -2.494861907958984375e+02, 
-6.258259765625000000e+03, -7.483509765625000000e+03, -1.920057495117187500e+03, 2.224758789062500000e+03, 
#######
0.000000000000000000e+00, 3.301735229492187500e+02, 1.820900512695312500e+03, 7.687651977539062500e+02, 
0.000000000000000000e+00, 1.065230957031250000e+03, 5.874728027343750000e+03, 2.265069824218750000e+03, 
-6.244827148437500000e+03, -7.483507812500000000e+03, -1.890888916015625000e+03, 2.279944091796875000e+03, 
#######
0.000000000000000000e+00, -1.090902099609375000e+03, -6.108589843750000000e+03, -2.219310546875000000e+03, 
0.000000000000000000e+00, 3.505033874511718750e+01, 1.962670440673828125e+02, -3.247298049926757812e+01, 
-6.271221679687500000e+03, -7.483509765625000000e+03, -1.907497436523437500e+03, 2.414343750000000000e+03, 
#######
0.000000000000000000e+00, -2.072147560119628906e+01, -1.172745971679687500e+02, -1.400223846435546875e+02, 
0.000000000000000000e+00, -1.086461547851562500e+03, -6.148902832031250000e+03, -2.408319824218750000e+03, 
-6.276556152343750000e+03, -7.483506347656250000e+03, -1.859639648437500000e+03, 2.289873046875000000e+03, 
#######
0.000000000000000000e+00, 5.796029052734375000e+02, 3.279720947265625000e+03, 1.343627319335937500e+03, 
0.000000000000000000e+00, 9.212758789062500000e+02, 5.213099121093750000e+03, 1.997049194335937500e+03, 
-6.274587890625000000e+03, -7.483509277343750000e+03, -1.851669311523437500e+03, 2.312492675781250000e+03, 
#######
0.000000000000000000e+00, -1.669017639160156250e+02, -9.286824340820312500e+02, -2.845701599121093750e+02, 
0.000000000000000000e+00, -1.091615112304687500e+03, -6.074015136718750000e+03, -2.384117431640625000e+03, 
-6.256965332031250000e+03, -7.483509765625000000e+03, -1.885258666992187500e+03, 2.269848388671875000e+03, 
#######
0.000000000000000000e+00, -5.228948593139648438e+01, -2.959950866699218750e+02, 
0.000000000000000000e+00, 1.083337768554687500e+03, 6.132450195312500000e+03, 
-6.278847656250000000e+03, -7.483509765625000000e+03, -1.868941650390625000e+03, 
#######
0.000000000000000000e+00, -5.323120498657226562e+01, -3.015837707519531250e+02, -3.849002456665039062e+01, 
0.000000000000000000e+00, -1.083858154296875000e+03, -6.140646972656250000e+03, -2.263749267578125000e+03, 
-6.278219726562500000e+03, -7.483509765625000000e+03, -1.860174072265625000e+03, 2.450368408203125000e+03, 
#######
0.000000000000000000e+00, 9.994811401367187500e+02, 5.769126953125000000e+03, 2.282905273437500000e+03, 
0.000000000000000000e+00, 3.820654907226562500e+02, 2.205328613281250000e+03, 8.336991577148437500e+02, 
-6.295043945312500000e+03, -7.483509765625000000e+03, -1.812004760742187500e+03, 2.354292724609375000e+03, 
#######
0.000000000000000000e+00, 8.893048706054687500e+02, 4.782742675781250000e+03, 1.966853027343750000e+03, 
0.000000000000000000e+00, 7.245969238281250000e+02, 3.896931640625000000e+03, 1.370315917968750000e+03, 
-6.209398925781250000e+03, -7.483512207031250000e+03, -1.905354492187500000e+03, 2.291421142578125000e+03, 
#######
0.000000000000000000e+00, -5.853916625976562500e+02, -3.169892822265625000e+03, 
0.000000000000000000e+00, -9.695931396484375000e+02, -5.250341796875000000e+03, 
-6.225527343750000000e+03, -7.483509765625000000e+03, -1.929522460937500000e+03, 
#######
0.000000000000000000e+00, 7.288477172851562500e+02, 4.064215576171875000e+03, 1.582150512695312500e+03, 
0.000000000000000000e+00, -8.327116088867187500e+02, -4.643383789062500000e+03, -1.824796508789062500e+03, 
-6.254376464843750000e+03, -7.483506835937500000e+03, -1.858733886718750000e+03, 2.307441650390625000e+03, 
#######
0.000000000000000000e+00, 1.034646972656250000e+03, 5.787004882812500000e+03, 2.227337402343750000e+03, 
0.000000000000000000e+00, 3.855016784667968750e+02, 2.156194335937500000e+03, 9.314114990234375000e+02, 
-6.257154296875000000e+03, -7.483510742187500000e+03, -1.850589233398437500e+03, 2.325357910156250000e+03, 
#######
0.000000000000000000e+00, -1.400811004638671875e+02, -7.751832885742187500e+02, -3.260649108886718750e+02, 
0.000000000000000000e+00, 1.099983520507812500e+03, 6.087108398437500000e+03, 2.362145507812500000e+03, 
-6.251895019531250000e+03, -7.483511718750000000e+03, -1.899586669921875000e+03, 2.262448974609375000e+03, 
#######
0.000000000000000000e+00, -1.012346252441406250e+03, -5.803050781250000000e+03, -2.264769775390625000e+03, 
0.000000000000000000e+00, -3.361220397949218750e+02, -1.926745239257812500e+03, -7.716878051757812500e+02, 
-6.298741699218750000e+03, -7.483509765625000000e+03, -1.876857055664062500e+03, 2.252011230468750000e+03, 
#######
0.000000000000000000e+00, -1.269403839111328125e+02, -7.286226196289062500e+02, -2.528934631347656250e+02, 
0.000000000000000000e+00, 1.061496948242187500e+03, 6.092865234375000000e+03, 2.385745849609375000e+03, 
-6.296109863281250000e+03, -7.483512695312500000e+03, -1.855364624023437500e+03, 2.290675048828125000e+03, 
#######
0.000000000000000000e+00, -6.167075195312500000e+02, -3.386684814453125000e+03, -1.365484008789062500e+03, 
0.000000000000000000e+00, -9.306055297851562500e+02, -5.110474609375000000e+03, -1.958056030273437500e+03, 
-6.243523437500000000e+03, -7.483509765625000000e+03, -1.914037475585937500e+03, 2.239999755859375000e+03, 
#######
0.000000000000000000e+00, -5.000824890136718750e+02, -2.831908691406250000e+03, 
0.000000000000000000e+00, -9.608435668945312500e+02, -5.441144042968750000e+03, 
-6.280411621093750000e+03, -7.483509765625000000e+03, -1.873603881835937500e+03, 